clk reset hsync vsync blank hcnt vcnt   time(ns)
 0    0     x     x     x     x    x         0
 1    1     1     1     x    19   14        20
 0    1     1     1     x    19   14        40
 1    0     1     1     x    19   14        60
 0    0     1     1     x    19   14        80
 1    0     1     1     1     0    0       100
 0    0     1     1     1     0    0       120
 1    0     1     1     1     1    0       140
 0    0     1     1     1     1    0       160
 1    0     1     1     1     2    0       180
 0    0     1     1     1     2    0       200
 1    0     1     1     1     3    0       220
 0    0     1     1     1     3    0       240
 1    0     1     1     1     4    0       260
 0    0     1     1     1     4    0       280
 1    0     1     1     1     5    0       300
 0    0     1     1     1     5    0       320
 1    0     1     1     1     6    0       340
 0    0     1     1     1     6    0       360
 1    0     1     1     1     7    0       380
 0    0     1     1     1     7    0       400
 1    0     1     1     0     8    0       420
 0    0     1     1     0     8    0       440
 1    0     1     1     0     9    0       460
 0    0     1     1     0     9    0       480
 1    0     0     1     0    10    0       500
 0    0     0     1     0    10    0       520
 1    0     0     1     0    11    0       540
 0    0     0     1     0    11    0       560
 1    0     0     1     0    12    0       580
 0    0     0     1     0    12    0       600
 1    0     0     1     0    13    0       620
 0    0     0     1     0    13    0       640
 1    0     0     1     0    14    0       660
 0    0     0     1     0    14    0       680
 1    0     0     1     0    15    0       700
 0    0     0     1     0    15    0       720
 1    0     1     1     0    16    0       740
 0    0     1     1     0    16    0       760
 1    0     1     1     0    17    0       780
 0    0     1     1     0    17    0       800
 1    0     1     1     0    18    0       820
 0    0     1     1     0    18    0       840
 1    0     1     1     0    19    0       860
 0    0     1     1     0    19    0       880
 1    0     1     1     1     0    1       900
 0    0     1     1     1     0    1       920
 1    0     1     1     1     1    1       940
 0    0     1     1     1     1    1       960
 1    0     1     1     1     2    1       980
 0    0     1     1     1     2    1      1000
 1    0     1     1     1     3    1      1020
 0    0     1     1     1     3    1      1040
 1    0     1     1     1     4    1      1060
 0    0     1     1     1     4    1      1080
 1    0     1     1     1     5    1      1100
 0    0     1     1     1     5    1      1120
 1    0     1     1     1     6    1      1140
 0    0     1     1     1     6    1      1160
 1    0     1     1     1     7    1      1180
 0    0     1     1     1     7    1      1200
 1    0     1     1     0     8    1      1220
 0    0     1     1     0     8    1      1240
 1    0     1     1     0     9    1      1260
 0    0     1     1     0     9    1      1280
 1    0     0     1     0    10    1      1300
 0    0     0     1     0    10    1      1320
 1    0     0     1     0    11    1      1340
 0    0     0     1     0    11    1      1360
 1    0     0     1     0    12    1      1380
 0    0     0     1     0    12    1      1400
 1    0     0     1     0    13    1      1420
 0    0     0     1     0    13    1      1440
 1    0     0     1     0    14    1      1460
 0    0     0     1     0    14    1      1480
 1    0     0     1     0    15    1      1500
 0    0     0     1     0    15    1      1520
 1    0     1     1     0    16    1      1540
 0    0     1     1     0    16    1      1560
 1    0     1     1     0    17    1      1580
 0    0     1     1     0    17    1      1600
 1    0     1     1     0    18    1      1620
 0    0     1     1     0    18    1      1640
 1    0     1     1     0    19    1      1660
 0    0     1     1     0    19    1      1680
 1    0     1     1     1     0    2      1700
 0    0     1     1     1     0    2      1720
 1    0     1     1     1     1    2      1740
 0    0     1     1     1     1    2      1760
 1    0     1     1     1     2    2      1780
 0    0     1     1     1     2    2      1800
 1    0     1     1     1     3    2      1820
 0    0     1     1     1     3    2      1840
 1    0     1     1     1     4    2      1860
 0    0     1     1     1     4    2      1880
 1    0     1     1     1     5    2      1900
 0    0     1     1     1     5    2      1920
 1    0     1     1     1     6    2      1940
 0    0     1     1     1     6    2      1960
 1    0     1     1     1     7    2      1980
 0    0     1     1     1     7    2      2000
 1    0     1     1     0     8    2      2020
 0    0     1     1     0     8    2      2040
 1    0     1     1     0     9    2      2060
 0    0     1     1     0     9    2      2080
 1    0     0     1     0    10    2      2100
 0    0     0     1     0    10    2      2120
 1    0     0     1     0    11    2      2140
 0    0     0     1     0    11    2      2160
 1    0     0     1     0    12    2      2180
 0    0     0     1     0    12    2      2200
 1    0     0     1     0    13    2      2220
 0    0     0     1     0    13    2      2240
 1    0     0     1     0    14    2      2260
 0    0     0     1     0    14    2      2280
 1    0     0     1     0    15    2      2300
 0    0     0     1     0    15    2      2320
 1    0     1     1     0    16    2      2340
 0    0     1     1     0    16    2      2360
 1    0     1     1     0    17    2      2380
 0    0     1     1     0    17    2      2400
 1    0     1     1     0    18    2      2420
 0    0     1     1     0    18    2      2440
 1    0     1     1     0    19    2      2460
 0    0     1     1     0    19    2      2480
 1    0     1     1     1     0    3      2500
 0    0     1     1     1     0    3      2520
 1    0     1     1     1     1    3      2540
 0    0     1     1     1     1    3      2560
 1    0     1     1     1     2    3      2580
 0    0     1     1     1     2    3      2600
 1    0     1     1     1     3    3      2620
 0    0     1     1     1     3    3      2640
 1    0     1     1     1     4    3      2660
 0    0     1     1     1     4    3      2680
 1    0     1     1     1     5    3      2700
 0    0     1     1     1     5    3      2720
 1    0     1     1     1     6    3      2740
 0    0     1     1     1     6    3      2760
 1    0     1     1     1     7    3      2780
 0    0     1     1     1     7    3      2800
 1    0     1     1     0     8    3      2820
 0    0     1     1     0     8    3      2840
 1    0     1     1     0     9    3      2860
 0    0     1     1     0     9    3      2880
 1    0     0     1     0    10    3      2900
 0    0     0     1     0    10    3      2920
 1    0     0     1     0    11    3      2940
 0    0     0     1     0    11    3      2960
 1    0     0     1     0    12    3      2980
 0    0     0     1     0    12    3      3000
 1    0     0     1     0    13    3      3020
 0    0     0     1     0    13    3      3040
 1    0     0     1     0    14    3      3060
 0    0     0     1     0    14    3      3080
 1    0     0     1     0    15    3      3100
 0    0     0     1     0    15    3      3120
 1    0     1     1     0    16    3      3140
 0    0     1     1     0    16    3      3160
 1    0     1     1     0    17    3      3180
 0    0     1     1     0    17    3      3200
 1    0     1     1     0    18    3      3220
 0    0     1     1     0    18    3      3240
 1    0     1     1     0    19    3      3260
 0    0     1     1     0    19    3      3280
 1    0     1     1     1     0    4      3300
 0    0     1     1     1     0    4      3320
 1    0     1     1     1     1    4      3340
 0    0     1     1     1     1    4      3360
 1    0     1     1     1     2    4      3380
 0    0     1     1     1     2    4      3400
 1    0     1     1     1     3    4      3420
 0    0     1     1     1     3    4      3440
 1    0     1     1     1     4    4      3460
 0    0     1     1     1     4    4      3480
 1    0     1     1     1     5    4      3500
 0    0     1     1     1     5    4      3520
 1    0     1     1     1     6    4      3540
 0    0     1     1     1     6    4      3560
 1    0     1     1     1     7    4      3580
 0    0     1     1     1     7    4      3600
 1    0     1     1     0     8    4      3620
 0    0     1     1     0     8    4      3640
 1    0     1     1     0     9    4      3660
 0    0     1     1     0     9    4      3680
 1    0     0     1     0    10    4      3700
 0    0     0     1     0    10    4      3720
 1    0     0     1     0    11    4      3740
 0    0     0     1     0    11    4      3760
 1    0     0     1     0    12    4      3780
 0    0     0     1     0    12    4      3800
 1    0     0     1     0    13    4      3820
 0    0     0     1     0    13    4      3840
 1    0     0     1     0    14    4      3860
 0    0     0     1     0    14    4      3880
 1    0     0     1     0    15    4      3900
 0    0     0     1     0    15    4      3920
 1    0     1     1     0    16    4      3940
 0    0     1     1     0    16    4      3960
 1    0     1     1     0    17    4      3980
 0    0     1     1     0    17    4      4000
 1    0     1     1     0    18    4      4020
 0    0     1     1     0    18    4      4040
 1    0     1     1     0    19    4      4060
 0    0     1     1     0    19    4      4080
 1    0     1     1     1     0    5      4100
 0    0     1     1     1     0    5      4120
 1    0     1     1     0     1    5      4140
 0    0     1     1     0     1    5      4160
 1    0     1     1     0     2    5      4180
 0    0     1     1     0     2    5      4200
 1    0     1     1     0     3    5      4220
 0    0     1     1     0     3    5      4240
 1    0     1     1     0     4    5      4260
 0    0     1     1     0     4    5      4280
 1    0     1     1     0     5    5      4300
 0    0     1     1     0     5    5      4320
 1    0     1     1     0     6    5      4340
 0    0     1     1     0     6    5      4360
 1    0     1     1     0     7    5      4380
 0    0     1     1     0     7    5      4400
 1    0     1     1     0     8    5      4420
 0    0     1     1     0     8    5      4440
 1    0     1     1     0     9    5      4460
 0    0     1     1     0     9    5      4480
 1    0     0     1     0    10    5      4500
 0    0     0     1     0    10    5      4520
 1    0     0     1     0    11    5      4540
 0    0     0     1     0    11    5      4560
 1    0     0     1     0    12    5      4580
 0    0     0     1     0    12    5      4600
 1    0     0     1     0    13    5      4620
 0    0     0     1     0    13    5      4640
 1    0     0     1     0    14    5      4660
 0    0     0     1     0    14    5      4680
 1    0     0     1     0    15    5      4700
 0    0     0     1     0    15    5      4720
 1    0     1     1     0    16    5      4740
 0    0     1     1     0    16    5      4760
 1    0     1     1     0    17    5      4780
 0    0     1     1     0    17    5      4800
 1    0     1     1     0    18    5      4820
 0    0     1     1     0    18    5      4840
 1    0     1     1     0    19    5      4860
 0    0     1     1     0    19    5      4880
 1    0     1     1     0     0    6      4900
 0    0     1     1     0     0    6      4920
 1    0     1     1     0     1    6      4940
 0    0     1     1     0     1    6      4960
 1    0     1     1     0     2    6      4980
 0    0     1     1     0     2    6      5000
 1    0     1     1     0     3    6      5020
 0    0     1     1     0     3    6      5040
 1    0     1     1     0     4    6      5060
 0    0     1     1     0     4    6      5080
 1    0     1     1     0     5    6      5100
 0    0     1     1     0     5    6      5120
 1    0     1     1     0     6    6      5140
 0    0     1     1     0     6    6      5160
 1    0     1     1     0     7    6      5180
 0    0     1     1     0     7    6      5200
 1    0     1     1     0     8    6      5220
 0    0     1     1     0     8    6      5240
 1    0     1     1     0     9    6      5260
 0    0     1     1     0     9    6      5280
 1    0     0     1     0    10    6      5300
 0    0     0     1     0    10    6      5320
 1    0     0     1     0    11    6      5340
 0    0     0     1     0    11    6      5360
 1    0     0     1     0    12    6      5380
 0    0     0     1     0    12    6      5400
 1    0     0     1     0    13    6      5420
 0    0     0     1     0    13    6      5440
 1    0     0     1     0    14    6      5460
 0    0     0     1     0    14    6      5480
 1    0     0     1     0    15    6      5500
 0    0     0     1     0    15    6      5520
 1    0     1     1     0    16    6      5540
 0    0     1     1     0    16    6      5560
 1    0     1     1     0    17    6      5580
 0    0     1     1     0    17    6      5600
 1    0     1     1     0    18    6      5620
 0    0     1     1     0    18    6      5640
 1    0     1     1     0    19    6      5660
 0    0     1     1     0    19    6      5680
 1    0     1     1     1     0    7      5700
 0    0     1     1     1     0    7      5720
 1    0     1     1     1     1    7      5740
 0    0     1     1     1     1    7      5760
 1    0     1     1     1     2    7      5780
 0    0     1     1     1     2    7      5800
 1    0     1     1     1     3    7      5820
 0    0     1     1     1     3    7      5840
 1    0     1     1     1     4    7      5860
 0    0     1     1     1     4    7      5880
 1    0     1     1     1     5    7      5900
 0    0     1     1     1     5    7      5920
 1    0     1     1     1     6    7      5940
 0    0     1     1     1     6    7      5960
 1    0     1     1     1     7    7      5980
 0    0     1     1     1     7    7      6000
 1    0     1     1     0     8    7      6020
 0    0     1     1     0     8    7      6040
 1    0     1     1     0     9    7      6060
 0    0     1     1     0     9    7      6080
 1    0     0     1     0    10    7      6100
 0    0     0     1     0    10    7      6120
 1    0     0     1     0    11    7      6140
 0    0     0     1     0    11    7      6160
 1    0     0     1     0    12    7      6180
 0    0     0     1     0    12    7      6200
 1    0     0     1     0    13    7      6220
 0    0     0     1     0    13    7      6240
 1    0     0     1     0    14    7      6260
 0    0     0     1     0    14    7      6280
 1    0     0     1     0    15    7      6300
 0    0     0     1     0    15    7      6320
 1    0     1     1     0    16    7      6340
 0    0     1     1     0    16    7      6360
 1    0     1     1     0    17    7      6380
 0    0     1     1     0    17    7      6400
 1    0     1     1     0    18    7      6420
 0    0     1     1     0    18    7      6440
 1    0     1     1     0    19    7      6460
 0    0     1     1     0    19    7      6480
 1    0     1     1     1     0    8      6500
 0    0     1     1     1     0    8      6520
 1    0     1     1     1     1    8      6540
 0    0     1     1     1     1    8      6560
 1    0     1     1     1     2    8      6580
 0    0     1     1     1     2    8      6600
 1    0     1     1     1     3    8      6620
 0    0     1     1     1     3    8      6640
 1    0     1     1     1     4    8      6660
 0    0     1     1     1     4    8      6680
 1    0     1     1     1     5    8      6700
 0    0     1     1     1     5    8      6720
 1    0     1     1     1     6    8      6740
 0    0     1     1     1     6    8      6760
 1    0     1     1     1     7    8      6780
 0    0     1     1     1     7    8      6800
 1    0     1     1     0     8    8      6820
 0    0     1     1     0     8    8      6840
 1    0     1     1     0     9    8      6860
 0    0     1     1     0     9    8      6880
 1    0     0     1     0    10    8      6900
 0    0     0     1     0    10    8      6920
 1    0     0     1     0    11    8      6940
 0    0     0     1     0    11    8      6960
 1    0     0     1     0    12    8      6980
 0    0     0     1     0    12    8      7000
 1    0     0     1     0    13    8      7020
 0    0     0     1     0    13    8      7040
 1    0     0     1     0    14    8      7060
 0    0     0     1     0    14    8      7080
 1    0     0     1     0    15    8      7100
 0    0     0     1     0    15    8      7120
 1    0     1     1     0    16    8      7140
 0    0     1     1     0    16    8      7160
 1    0     1     1     0    17    8      7180
 0    0     1     1     0    17    8      7200
 1    0     1     1     0    18    8      7220
 0    0     1     1     0    18    8      7240
 1    0     1     1     0    19    8      7260
 0    0     1     1     0    19    8      7280
 1    0     1     1     1     0    9      7300
 0    0     1     1     1     0    9      7320
 1    0     1     1     1     1    9      7340
 0    0     1     1     1     1    9      7360
 1    0     1     1     1     2    9      7380
 0    0     1     1     1     2    9      7400
 1    0     1     1     1     3    9      7420
 0    0     1     1     1     3    9      7440
 1    0     1     1     1     4    9      7460
 0    0     1     1     1     4    9      7480
 1    0     1     1     1     5    9      7500
 0    0     1     1     1     5    9      7520
 1    0     1     1     1     6    9      7540
 0    0     1     1     1     6    9      7560
 1    0     1     1     1     7    9      7580
 0    0     1     1     1     7    9      7600
 1    0     1     1     0     8    9      7620
 0    0     1     1     0     8    9      7640
 1    0     1     1     0     9    9      7660
 0    0     1     1     0     9    9      7680
 1    0     0     1     0    10    9      7700
 0    0     0     1     0    10    9      7720
 1    0     0     1     0    11    9      7740
 0    0     0     1     0    11    9      7760
 1    0     0     1     0    12    9      7780
 0    0     0     1     0    12    9      7800
 1    0     0     1     0    13    9      7820
 0    0     0     1     0    13    9      7840
 1    0     0     1     0    14    9      7860
 0    0     0     1     0    14    9      7880
 1    0     0     1     0    15    9      7900
 0    0     0     1     0    15    9      7920
 1    0     1     1     0    16    9      7940
 0    0     1     1     0    16    9      7960
 1    0     1     1     0    17    9      7980
 0    0     1     1     0    17    9      8000
 1    0     1     1     0    18    9      8020
 0    0     1     1     0    18    9      8040
 1    0     1     1     0    19    9      8060
 0    0     1     1     0    19    9      8080
 1    0     1     1     1     0   10      8100
 0    0     1     1     1     0   10      8120
 1    0     1     1     1     1   10      8140
 0    0     1     1     1     1   10      8160
 1    0     1     1     1     2   10      8180
 0    0     1     1     1     2   10      8200
 1    0     1     1     1     3   10      8220
 0    0     1     1     1     3   10      8240
 1    0     1     1     1     4   10      8260
 0    0     1     1     1     4   10      8280
 1    0     1     1     1     5   10      8300
 0    0     1     1     1     5   10      8320
 1    0     1     1     1     6   10      8340
 0    0     1     1     1     6   10      8360
 1    0     1     1     1     7   10      8380
 0    0     1     1     1     7   10      8400
 1    0     1     1     0     8   10      8420
 0    0     1     1     0     8   10      8440
 1    0     1     1     0     9   10      8460
 0    0     1     1     0     9   10      8480
 1    0     0     0     0    10   10      8500
 0    0     0     0     0    10   10      8520
 1    0     0     0     0    11   10      8540
 0    0     0     0     0    11   10      8560
 1    0     0     0     0    12   10      8580
 0    0     0     0     0    12   10      8600
 1    0     0     0     0    13   10      8620
 0    0     0     0     0    13   10      8640
 1    0     0     0     0    14   10      8660
 0    0     0     0     0    14   10      8680
 1    0     0     0     0    15   10      8700
 0    0     0     0     0    15   10      8720
 1    0     1     0     0    16   10      8740
 0    0     1     0     0    16   10      8760
 1    0     1     0     0    17   10      8780
 0    0     1     0     0    17   10      8800
 1    0     1     0     0    18   10      8820
 0    0     1     0     0    18   10      8840
 1    0     1     0     0    19   10      8860
 0    0     1     0     0    19   10      8880
 1    0     1     0     1     0   11      8900
 0    0     1     0     1     0   11      8920
 1    0     1     0     1     1   11      8940
 0    0     1     0     1     1   11      8960
 1    0     1     0     1     2   11      8980
 0    0     1     0     1     2   11      9000
 1    0     1     0     1     3   11      9020
 0    0     1     0     1     3   11      9040
 1    0     1     0     1     4   11      9060
 0    0     1     0     1     4   11      9080
 1    0     1     0     1     5   11      9100
 0    0     1     0     1     5   11      9120
 1    0     1     0     1     6   11      9140
 0    0     1     0     1     6   11      9160
 1    0     1     0     1     7   11      9180
 0    0     1     0     1     7   11      9200
 1    0     1     0     0     8   11      9220
 0    0     1     0     0     8   11      9240
 1    0     1     0     0     9   11      9260
 0    0     1     0     0     9   11      9280
 1    0     0     0     0    10   11      9300
 0    0     0     0     0    10   11      9320
 1    0     0     0     0    11   11      9340
 0    0     0     0     0    11   11      9360
 1    0     0     0     0    12   11      9380
 0    0     0     0     0    12   11      9400
 1    0     0     0     0    13   11      9420
 0    0     0     0     0    13   11      9440
 1    0     0     0     0    14   11      9460
 0    0     0     0     0    14   11      9480
 1    0     0     0     0    15   11      9500
 0    0     0     0     0    15   11      9520
 1    0     1     0     0    16   11      9540
 0    0     1     0     0    16   11      9560
 1    0     1     0     0    17   11      9580
 0    0     1     0     0    17   11      9600
 1    0     1     0     0    18   11      9620
 0    0     1     0     0    18   11      9640
 1    0     1     0     0    19   11      9660
 0    0     1     0     0    19   11      9680
 1    0     1     0     1     0   12      9700
 0    0     1     0     1     0   12      9720
 1    0     1     0     1     1   12      9740
 0    0     1     0     1     1   12      9760
 1    0     1     0     1     2   12      9780
 0    0     1     0     1     2   12      9800
 1    0     1     0     1     3   12      9820
 0    0     1     0     1     3   12      9840
 1    0     1     0     1     4   12      9860
 0    0     1     0     1     4   12      9880
 1    0     1     0     1     5   12      9900
 0    0     1     0     1     5   12      9920
 1    0     1     0     1     6   12      9940
 0    0     1     0     1     6   12      9960
 1    0     1     0     1     7   12      9980
 0    0     1     0     1     7   12     10000
 1    0     1     0     0     8   12     10020
 0    0     1     0     0     8   12     10040
 1    0     1     0     0     9   12     10060
 0    0     1     0     0     9   12     10080
 1    0     0     0     0    10   12     10100
 0    0     0     0     0    10   12     10120
 1    0     0     0     0    11   12     10140
 0    0     0     0     0    11   12     10160
 1    0     0     0     0    12   12     10180
 0    0     0     0     0    12   12     10200
 1    0     0     0     0    13   12     10220
 0    0     0     0     0    13   12     10240
 1    0     0     0     0    14   12     10260
 0    0     0     0     0    14   12     10280
 1    0     0     0     0    15   12     10300
 0    0     0     0     0    15   12     10320
 1    0     1     0     0    16   12     10340
 0    0     1     0     0    16   12     10360
 1    0     1     0     0    17   12     10380
 0    0     1     0     0    17   12     10400
 1    0     1     0     0    18   12     10420
 0    0     1     0     0    18   12     10440
 1    0     1     0     0    19   12     10460
 0    0     1     0     0    19   12     10480
 1    0     1     0     1     0   13     10500
 0    0     1     0     1     0   13     10520
 1    0     1     0     1     1   13     10540
 0    0     1     0     1     1   13     10560
 1    0     1     0     1     2   13     10580
 0    0     1     0     1     2   13     10600
 1    0     1     0     1     3   13     10620
 0    0     1     0     1     3   13     10640
 1    0     1     0     1     4   13     10660
 0    0     1     0     1     4   13     10680
 1    0     1     0     1     5   13     10700
 0    0     1     0     1     5   13     10720
 1    0     1     0     1     6   13     10740
 0    0     1     0     1     6   13     10760
 1    0     1     0     1     7   13     10780
 0    0     1     0     1     7   13     10800
 1    0     1     0     0     8   13     10820
 0    0     1     0     0     8   13     10840
 1    0     1     0     0     9   13     10860
 0    0     1     0     0     9   13     10880
 1    0     0     0     0    10   13     10900
 0    0     0     0     0    10   13     10920
 1    0     0     0     0    11   13     10940
 0    0     0     0     0    11   13     10960
 1    0     0     0     0    12   13     10980
 0    0     0     0     0    12   13     11000
 1    0     0     0     0    13   13     11020
 0    0     0     0     0    13   13     11040
 1    0     0     0     0    14   13     11060
 0    0     0     0     0    14   13     11080
 1    0     0     0     0    15   13     11100
 0    0     0     0     0    15   13     11120
 1    0     1     0     0    16   13     11140
 0    0     1     0     0    16   13     11160
 1    0     1     0     0    17   13     11180
 0    0     1     0     0    17   13     11200
 1    0     1     0     0    18   13     11220
 0    0     1     0     0    18   13     11240
 1    0     1     0     0    19   13     11260
 0    0     1     0     0    19   13     11280
 1    0     1     0     1     0   14     11300
 0    0     1     0     1     0   14     11320
 1    0     1     0     1     1    0     11340
 0    0     1     0     1     1    0     11360
 1    0     1     0     1     2    0     11380
 0    0     1     0     1     2    0     11400
 1    0     1     0     1     3    0     11420
 0    0     1     0     1     3    0     11440
 1    0     1     0     1     4    0     11460
 0    0     1     0     1     4    0     11480
 1    0     1     0     1     5    0     11500
 0    0     1     0     1     5    0     11520
 1    0     1     0     1     6    0     11540
 0    0     1     0     1     6    0     11560
 1    0     1     0     1     7    0     11580
 0    0     1     0     1     7    0     11600
 1    0     1     0     0     8    0     11620
 0    0     1     0     0     8    0     11640
 1    0     1     0     0     9    0     11660
 0    0     1     0     0     9    0     11680
 1    0     0     0     0    10    0     11700
 0    0     0     0     0    10    0     11720
 1    0     0     0     0    11    0     11740
 0    0     0     0     0    11    0     11760
 1    0     0     0     0    12    0     11780
 0    0     0     0     0    12    0     11800
 1    0     0     0     0    13    0     11820
 0    0     0     0     0    13    0     11840
 1    0     0     0     0    14    0     11860
 0    0     0     0     0    14    0     11880
 1    0     0     0     0    15    0     11900
 0    0     0     0     0    15    0     11920
 1    0     1     0     0    16    0     11940
 0    0     1     0     0    16    0     11960
 1    0     1     0     0    17    0     11980
 0    0     1     0     0    17    0     12000
 1    0     1     0     0    18    0     12020
 0    0     1     0     0    18    0     12040
 1    0     1     0     0    19    0     12060
 0    0     1     0     0    19    0     12080
 1    0     1     0     1     0    1     12100
 0    0     1     0     1     0    1     12120
 1    0     1     0     1     1    1     12140
 0    0     1     0     1     1    1     12160
 1    0     1     0     1     2    1     12180
 0    0     1     0     1     2    1     12200
 1    0     1     0     1     3    1     12220
 0    0     1     0     1     3    1     12240
 1    0     1     0     1     4    1     12260
 0    0     1     0     1     4    1     12280
 1    0     1     0     1     5    1     12300
 0    0     1     0     1     5    1     12320
 1    0     1     0     1     6    1     12340
 0    0     1     0     1     6    1     12360
 1    0     1     0     1     7    1     12380
 0    0     1     0     1     7    1     12400
 1    0     1     0     0     8    1     12420
 0    0     1     0     0     8    1     12440
 1    0     1     0     0     9    1     12460
 0    0     1     0     0     9    1     12480
 1    0     0     0     0    10    1     12500
 0    0     0     0     0    10    1     12520
 1    0     0     0     0    11    1     12540
 0    0     0     0     0    11    1     12560
 1    0     0     0     0    12    1     12580
 0    0     0     0     0    12    1     12600
 1    0     0     0     0    13    1     12620
 0    0     0     0     0    13    1     12640
 1    0     0     0     0    14    1     12660
 0    0     0     0     0    14    1     12680
 1    0     0     0     0    15    1     12700
 0    0     0     0     0    15    1     12720
 1    0     1     0     0    16    1     12740
 0    0     1     0     0    16    1     12760
 1    0     1     0     0    17    1     12780
 0    0     1     0     0    17    1     12800
 1    0     1     0     0    18    1     12820
 0    0     1     0     0    18    1     12840
 1    0     1     0     0    19    1     12860
 0    0     1     0     0    19    1     12880
 1    0     1     0     1     0    2     12900
 0    0     1     0     1     0    2     12920
 1    0     1     0     1     1    2     12940
 0    0     1     0     1     1    2     12960
 1    0     1     0     1     2    2     12980
 0    0     1     0     1     2    2     13000
 1    0     1     0     1     3    2     13020
 0    0     1     0     1     3    2     13040
 1    0     1     0     1     4    2     13060
 0    0     1     0     1     4    2     13080
 1    0     1     0     1     5    2     13100
 0    0     1     0     1     5    2     13120
 1    0     1     0     1     6    2     13140
 0    0     1     0     1     6    2     13160
 1    0     1     0     1     7    2     13180
 0    0     1     0     1     7    2     13200
 1    0     1     0     0     8    2     13220
 0    0     1     0     0     8    2     13240
 1    0     1     0     0     9    2     13260
 0    0     1     0     0     9    2     13280
 1    0     0     0     0    10    2     13300
 0    0     0     0     0    10    2     13320
 1    0     0     0     0    11    2     13340
 0    0     0     0     0    11    2     13360
 1    0     0     0     0    12    2     13380
 0    0     0     0     0    12    2     13400
 1    0     0     0     0    13    2     13420
 0    0     0     0     0    13    2     13440
 1    0     0     0     0    14    2     13460
 0    0     0     0     0    14    2     13480
 1    0     0     0     0    15    2     13500
 0    0     0     0     0    15    2     13520
 1    0     1     0     0    16    2     13540
 0    0     1     0     0    16    2     13560
 1    0     1     0     0    17    2     13580
 0    0     1     0     0    17    2     13600
 1    0     1     0     0    18    2     13620
 0    0     1     0     0    18    2     13640
 1    0     1     0     0    19    2     13660
 0    0     1     0     0    19    2     13680
 1    0     1     0     1     0    3     13700
 0    0     1     0     1     0    3     13720
 1    0     1     0     1     1    3     13740
 0    0     1     0     1     1    3     13760
 1    0     1     0     1     2    3     13780
 0    0     1     0     1     2    3     13800
 1    0     1     0     1     3    3     13820
 0    0     1     0     1     3    3     13840
 1    0     1     0     1     4    3     13860
 0    0     1     0     1     4    3     13880
 1    0     1     0     1     5    3     13900
 0    0     1     0     1     5    3     13920
 1    0     1     0     1     6    3     13940
 0    0     1     0     1     6    3     13960
 1    0     1     0     1     7    3     13980
 0    0     1     0     1     7    3     14000
 1    0     1     0     0     8    3     14020
 0    0     1     0     0     8    3     14040
 1    0     1     0     0     9    3     14060
 0    0     1     0     0     9    3     14080
 1    0     0     0     0    10    3     14100
 0    0     0     0     0    10    3     14120
 1    0     0     0     0    11    3     14140
 0    0     0     0     0    11    3     14160
 1    0     0     0     0    12    3     14180
 0    0     0     0     0    12    3     14200
 1    0     0     0     0    13    3     14220
 0    0     0     0     0    13    3     14240
 1    0     0     0     0    14    3     14260
 0    0     0     0     0    14    3     14280
 1    0     0     0     0    15    3     14300
 0    0     0     0     0    15    3     14320
 1    0     1     0     0    16    3     14340
 0    0     1     0     0    16    3     14360
 1    0     1     0     0    17    3     14380
 0    0     1     0     0    17    3     14400
 1    0     1     0     0    18    3     14420
 0    0     1     0     0    18    3     14440
 1    0     1     0     0    19    3     14460
 0    0     1     0     0    19    3     14480
 1    0     1     0     1     0    4     14500
 0    0     1     0     1     0    4     14520
 1    0     1     0     1     1    4     14540
 0    0     1     0     1     1    4     14560
 1    0     1     0     1     2    4     14580
 0    0     1     0     1     2    4     14600
 1    0     1     0     1     3    4     14620
 0    0     1     0     1     3    4     14640
 1    0     1     0     1     4    4     14660
 0    0     1     0     1     4    4     14680
 1    0     1     0     1     5    4     14700
 0    0     1     0     1     5    4     14720
 1    0     1     0     1     6    4     14740
 0    0     1     0     1     6    4     14760
 1    0     1     0     1     7    4     14780
 0    0     1     0     1     7    4     14800
 1    0     1     0     0     8    4     14820
 0    0     1     0     0     8    4     14840
 1    0     1     0     0     9    4     14860
 0    0     1     0     0     9    4     14880
 1    0     0     0     0    10    4     14900
 0    0     0     0     0    10    4     14920
 1    0     0     0     0    11    4     14940
 0    0     0     0     0    11    4     14960
 1    0     0     0     0    12    4     14980
 0    0     0     0     0    12    4     15000
 1    0     0     0     0    13    4     15020
 0    0     0     0     0    13    4     15040
 1    0     0     0     0    14    4     15060
 0    0     0     0     0    14    4     15080
 1    0     0     0     0    15    4     15100
 0    0     0     0     0    15    4     15120
 1    0     1     0     0    16    4     15140
 0    0     1     0     0    16    4     15160
 1    0     1     0     0    17    4     15180
 0    0     1     0     0    17    4     15200
 1    0     1     0     0    18    4     15220
 0    0     1     0     0    18    4     15240
 1    0     1     0     0    19    4     15260
 0    0     1     0     0    19    4     15280
 1    0     1     0     1     0    5     15300
 0    0     1     0     1     0    5     15320
 1    0     1     0     0     1    5     15340
 0    0     1     0     0     1    5     15360
 1    0     1     0     0     2    5     15380
 0    0     1     0     0     2    5     15400
 1    0     1     0     0     3    5     15420
 0    0     1     0     0     3    5     15440
 1    0     1     0     0     4    5     15460
 0    0     1     0     0     4    5     15480
 1    0     1     0     0     5    5     15500
 0    0     1     0     0     5    5     15520
 1    0     1     0     0     6    5     15540
 0    0     1     0     0     6    5     15560
 1    0     1     0     0     7    5     15580
 0    0     1     0     0     7    5     15600
 1    0     1     0     0     8    5     15620
 0    0     1     0     0     8    5     15640
 1    0     1     0     0     9    5     15660
 0    0     1     0     0     9    5     15680
 1    0     0     0     0    10    5     15700
 0    0     0     0     0    10    5     15720
 1    0     0     0     0    11    5     15740
 0    0     0     0     0    11    5     15760
 1    0     0     0     0    12    5     15780
 0    0     0     0     0    12    5     15800
 1    0     0     0     0    13    5     15820
 0    0     0     0     0    13    5     15840
 1    0     0     0     0    14    5     15860
 0    0     0     0     0    14    5     15880
 1    0     0     0     0    15    5     15900
 0    0     0     0     0    15    5     15920
 1    0     1     0     0    16    5     15940
 0    0     1     0     0    16    5     15960
 1    0     1     0     0    17    5     15980
 0    0     1     0     0    17    5     16000
 1    0     1     0     0    18    5     16020
 0    0     1     0     0    18    5     16040
 1    0     1     0     0    19    5     16060
 0    0     1     0     0    19    5     16080
 1    0     1     0     0     0    6     16100
 0    0     1     0     0     0    6     16120
 1    0     1     0     0     1    6     16140
 0    0     1     0     0     1    6     16160
 1    0     1     0     0     2    6     16180
 0    0     1     0     0     2    6     16200
 1    0     1     0     0     3    6     16220
 0    0     1     0     0     3    6     16240
 1    0     1     0     0     4    6     16260
 0    0     1     0     0     4    6     16280
 1    0     1     0     0     5    6     16300
 0    0     1     0     0     5    6     16320
 1    0     1     0     0     6    6     16340
 0    0     1     0     0     6    6     16360
 1    0     1     0     0     7    6     16380
 0    0     1     0     0     7    6     16400
 1    0     1     0     0     8    6     16420
 0    0     1     0     0     8    6     16440
 1    0     1     0     0     9    6     16460
 0    0     1     0     0     9    6     16480
 1    0     0     0     0    10    6     16500
 0    0     0     0     0    10    6     16520
 1    0     0     0     0    11    6     16540
 0    0     0     0     0    11    6     16560
 1    0     0     0     0    12    6     16580
 0    0     0     0     0    12    6     16600
 1    0     0     0     0    13    6     16620
 0    0     0     0     0    13    6     16640
 1    0     0     0     0    14    6     16660
 0    0     0     0     0    14    6     16680
 1    0     0     0     0    15    6     16700
 0    0     0     0     0    15    6     16720
 1    0     1     0     0    16    6     16740
 0    0     1     0     0    16    6     16760
 1    0     1     0     0    17    6     16780
 0    0     1     0     0    17    6     16800
 1    0     1     0     0    18    6     16820
 0    0     1     0     0    18    6     16840
 1    0     1     0     0    19    6     16860
 0    0     1     0     0    19    6     16880
 1    0     1     0     1     0    7     16900
 0    0     1     0     1     0    7     16920
 1    0     1     0     1     1    7     16940
 0    0     1     0     1     1    7     16960
 1    0     1     0     1     2    7     16980
 0    0     1     0     1     2    7     17000
 1    0     1     0     1     3    7     17020
 0    0     1     0     1     3    7     17040
 1    0     1     0     1     4    7     17060
 0    0     1     0     1     4    7     17080
 1    0     1     0     1     5    7     17100
 0    0     1     0     1     5    7     17120
 1    0     1     0     1     6    7     17140
 0    0     1     0     1     6    7     17160
 1    0     1     0     1     7    7     17180
 0    0     1     0     1     7    7     17200
 1    0     1     0     0     8    7     17220
 0    0     1     0     0     8    7     17240
 1    0     1     0     0     9    7     17260
 0    0     1     0     0     9    7     17280
 1    0     0     0     0    10    7     17300
 0    0     0     0     0    10    7     17320
 1    0     0     0     0    11    7     17340
 0    0     0     0     0    11    7     17360
 1    0     0     0     0    12    7     17380
 0    0     0     0     0    12    7     17400
 1    0     0     0     0    13    7     17420
 0    0     0     0     0    13    7     17440
 1    0     0     0     0    14    7     17460
 0    0     0     0     0    14    7     17480
 1    0     0     0     0    15    7     17500
 0    0     0     0     0    15    7     17520
 1    0     1     0     0    16    7     17540
 0    0     1     0     0    16    7     17560
 1    0     1     0     0    17    7     17580
 0    0     1     0     0    17    7     17600
 1    0     1     0     0    18    7     17620
 0    0     1     0     0    18    7     17640
 1    0     1     0     0    19    7     17660
 0    0     1     0     0    19    7     17680
 1    0     1     0     1     0    8     17700
 0    0     1     0     1     0    8     17720
 1    0     1     0     1     1    8     17740
 0    0     1     0     1     1    8     17760
 1    0     1     0     1     2    8     17780
 0    0     1     0     1     2    8     17800
 1    0     1     0     1     3    8     17820
 0    0     1     0     1     3    8     17840
 1    0     1     0     1     4    8     17860
 0    0     1     0     1     4    8     17880
 1    0     1     0     1     5    8     17900
 0    0     1     0     1     5    8     17920
 1    0     1     0     1     6    8     17940
 0    0     1     0     1     6    8     17960
 1    0     1     0     1     7    8     17980
 0    0     1     0     1     7    8     18000
 1    0     1     0     0     8    8     18020
 0    0     1     0     0     8    8     18040
 1    0     1     0     0     9    8     18060
 0    0     1     0     0     9    8     18080
 1    0     0     0     0    10    8     18100
 0    0     0     0     0    10    8     18120
 1    0     0     0     0    11    8     18140
 0    0     0     0     0    11    8     18160
 1    0     0     0     0    12    8     18180
 0    0     0     0     0    12    8     18200
 1    0     0     0     0    13    8     18220
 0    0     0     0     0    13    8     18240
 1    0     0     0     0    14    8     18260
 0    0     0     0     0    14    8     18280
 1    0     0     0     0    15    8     18300
 0    0     0     0     0    15    8     18320
 1    0     1     0     0    16    8     18340
 0    0     1     0     0    16    8     18360
 1    0     1     0     0    17    8     18380
 0    0     1     0     0    17    8     18400
 1    0     1     0     0    18    8     18420
 0    0     1     0     0    18    8     18440
 1    0     1     0     0    19    8     18460
 0    0     1     0     0    19    8     18480
 1    0     1     0     1     0    9     18500
 0    0     1     0     1     0    9     18520
 1    0     1     0     1     1    9     18540
 0    0     1     0     1     1    9     18560
 1    0     1     0     1     2    9     18580
 0    0     1     0     1     2    9     18600
 1    0     1     0     1     3    9     18620
 0    0     1     0     1     3    9     18640
 1    0     1     0     1     4    9     18660
 0    0     1     0     1     4    9     18680
 1    0     1     0     1     5    9     18700
 0    0     1     0     1     5    9     18720
 1    0     1     0     1     6    9     18740
 0    0     1     0     1     6    9     18760
 1    0     1     0     1     7    9     18780
 0    0     1     0     1     7    9     18800
 1    0     1     0     0     8    9     18820
 0    0     1     0     0     8    9     18840
 1    0     1     0     0     9    9     18860
 0    0     1     0     0     9    9     18880
 1    0     0     0     0    10    9     18900
 0    0     0     0     0    10    9     18920
 1    0     0     0     0    11    9     18940
 0    0     0     0     0    11    9     18960
 1    0     0     0     0    12    9     18980
 0    0     0     0     0    12    9     19000
 1    0     0     0     0    13    9     19020
 0    0     0     0     0    13    9     19040
 1    0     0     0     0    14    9     19060
 0    0     0     0     0    14    9     19080
 1    0     0     0     0    15    9     19100
 0    0     0     0     0    15    9     19120
 1    0     1     0     0    16    9     19140
 0    0     1     0     0    16    9     19160
 1    0     1     0     0    17    9     19180
 0    0     1     0     0    17    9     19200
 1    0     1     0     0    18    9     19220
 0    0     1     0     0    18    9     19240
 1    0     1     0     0    19    9     19260
 0    0     1     0     0    19    9     19280
 1    0     1     0     1     0   10     19300
 0    0     1     0     1     0   10     19320
 1    0     1     0     1     1   10     19340
 0    0     1     0     1     1   10     19360
 1    0     1     0     1     2   10     19380
 0    0     1     0     1     2   10     19400
 1    0     1     0     1     3   10     19420
 0    0     1     0     1     3   10     19440
 1    0     1     0     1     4   10     19460
 0    0     1     0     1     4   10     19480
 1    0     1     0     1     5   10     19500
 0    0     1     0     1     5   10     19520
 1    0     1     0     1     6   10     19540
 0    0     1     0     1     6   10     19560
 1    0     1     0     1     7   10     19580
 0    0     1     0     1     7   10     19600
 1    0     1     0     0     8   10     19620
 0    0     1     0     0     8   10     19640
 1    0     1     0     0     9   10     19660
 0    0     1     0     0     9   10     19680
 1    0     0     0     0    10   10     19700
 0    0     0     0     0    10   10     19720
 1    0     0     0     0    11   10     19740
 0    0     0     0     0    11   10     19760
 1    0     0     0     0    12   10     19780
 0    0     0     0     0    12   10     19800
 1    0     0     0     0    13   10     19820
 0    0     0     0     0    13   10     19840
 1    0     0     0     0    14   10     19860
 0    0     0     0     0    14   10     19880
 1    0     0     0     0    15   10     19900
 0    0     0     0     0    15   10     19920
 1    0     1     0     0    16   10     19940
 0    0     1     0     0    16   10     19960
 1    0     1     0     0    17   10     19980
 0    0     1     0     0    17   10     20000
 1    0     1     0     0    18   10     20020
 0    0     1     0     0    18   10     20040
 1    0     1     0     0    19   10     20060
 0    0     1     0     0    19   10     20080
 1    0     1     0     1     0   11     20100
 0    0     1     0     1     0   11     20120
 1    0     1     0     1     1   11     20140
 0    0     1     0     1     1   11     20160
 1    0     1     0     1     2   11     20180
 0    0     1     0     1     2   11     20200
 1    0     1     0     1     3   11     20220
 0    0     1     0     1     3   11     20240
 1    0     1     0     1     4   11     20260
 0    0     1     0     1     4   11     20280
 1    0     1     0     1     5   11     20300
 0    0     1     0     1     5   11     20320
 1    0     1     0     1     6   11     20340
 0    0     1     0     1     6   11     20360
 1    0     1     0     1     7   11     20380
 0    0     1     0     1     7   11     20400
 1    0     1     0     0     8   11     20420
 0    0     1     0     0     8   11     20440
 1    0     1     0     0     9   11     20460
 0    0     1     0     0     9   11     20480
 1    0     0     0     0    10   11     20500
 0    0     0     0     0    10   11     20520
 1    0     0     0     0    11   11     20540
 0    0     0     0     0    11   11     20560
 1    0     0     0     0    12   11     20580
 0    0     0     0     0    12   11     20600
 1    0     0     0     0    13   11     20620
 0    0     0     0     0    13   11     20640
 1    0     0     0     0    14   11     20660
 0    0     0     0     0    14   11     20680
 1    0     0     0     0    15   11     20700
 0    0     0     0     0    15   11     20720
 1    0     1     0     0    16   11     20740
 0    0     1     0     0    16   11     20760
 1    0     1     0     0    17   11     20780
 0    0     1     0     0    17   11     20800
 1    0     1     0     0    18   11     20820
 0    0     1     0     0    18   11     20840
 1    0     1     0     0    19   11     20860
 0    0     1     0     0    19   11     20880
 1    0     1     0     1     0   12     20900
 0    0     1     0     1     0   12     20920
 1    0     1     0     1     1   12     20940
 0    0     1     0     1     1   12     20960
 1    0     1     0     1     2   12     20980
 0    0     1     0     1     2   12     21000
 1    0     1     0     1     3   12     21020
 0    0     1     0     1     3   12     21040
 1    0     1     0     1     4   12     21060
 0    0     1     0     1     4   12     21080
 1    0     1     0     1     5   12     21100
 0    0     1     0     1     5   12     21120
 1    0     1     0     1     6   12     21140
 0    0     1     0     1     6   12     21160
 1    0     1     0     1     7   12     21180
 0    0     1     0     1     7   12     21200
 1    0     1     0     0     8   12     21220
 0    0     1     0     0     8   12     21240
 1    0     1     0     0     9   12     21260
 0    0     1     0     0     9   12     21280
 1    0     0     0     0    10   12     21300
 0    0     0     0     0    10   12     21320
 1    0     0     0     0    11   12     21340
 0    0     0     0     0    11   12     21360
 1    0     0     0     0    12   12     21380
 0    0     0     0     0    12   12     21400
 1    0     0     0     0    13   12     21420
 0    0     0     0     0    13   12     21440
 1    0     0     0     0    14   12     21460
 0    0     0     0     0    14   12     21480
 1    0     0     0     0    15   12     21500
 0    0     0     0     0    15   12     21520
 1    0     1     0     0    16   12     21540
 0    0     1     0     0    16   12     21560
 1    0     1     0     0    17   12     21580
 0    0     1     0     0    17   12     21600
 1    0     1     0     0    18   12     21620
 0    0     1     0     0    18   12     21640
 1    0     1     0     0    19   12     21660
 0    0     1     0     0    19   12     21680
 1    0     1     0     1     0   13     21700
 0    0     1     0     1     0   13     21720
 1    0     1     0     1     1   13     21740
 0    0     1     0     1     1   13     21760
 1    0     1     0     1     2   13     21780
 0    0     1     0     1     2   13     21800
 1    0     1     0     1     3   13     21820
 0    0     1     0     1     3   13     21840
 1    0     1     0     1     4   13     21860
 0    0     1     0     1     4   13     21880
 1    0     1     0     1     5   13     21900
 0    0     1     0     1     5   13     21920
 1    0     1     0     1     6   13     21940
 0    0     1     0     1     6   13     21960
 1    0     1     0     1     7   13     21980
 0    0     1     0     1     7   13     22000
 1    0     1     0     0     8   13     22020
 0    0     1     0     0     8   13     22040
 1    0     1     0     0     9   13     22060
 0    0     1     0     0     9   13     22080
 1    0     0     0     0    10   13     22100
 0    0     0     0     0    10   13     22120
 1    0     0     0     0    11   13     22140
 0    0     0     0     0    11   13     22160
 1    0     0     0     0    12   13     22180
 0    0     0     0     0    12   13     22200
 1    0     0     0     0    13   13     22220
 0    0     0     0     0    13   13     22240
 1    0     0     0     0    14   13     22260
 0    0     0     0     0    14   13     22280
 1    0     0     0     0    15   13     22300
 0    0     0     0     0    15   13     22320
 1    0     1     0     0    16   13     22340
 0    0     1     0     0    16   13     22360
 1    0     1     0     0    17   13     22380
 0    0     1     0     0    17   13     22400
 1    0     1     0     0    18   13     22420
 0    0     1     0     0    18   13     22440
 1    0     1     0     0    19   13     22460
 0    0     1     0     0    19   13     22480
 1    0     1     0     1     0   14     22500
 0    0     1     0     1     0   14     22520
 1    0     1     0     1     1    0     22540
 0    0     1     0     1     1    0     22560
 1    0     1     0     1     2    0     22580
 0    0     1     0     1     2    0     22600
 1    0     1     0     1     3    0     22620
 0    0     1     0     1     3    0     22640
 1    0     1     0     1     4    0     22660
 0    0     1     0     1     4    0     22680
 1    0     1     0     1     5    0     22700
 0    0     1     0     1     5    0     22720
 1    0     1     0     1     6    0     22740
 0    0     1     0     1     6    0     22760
 1    0     1     0     1     7    0     22780
 0    0     1     0     1     7    0     22800
 1    0     1     0     0     8    0     22820
 0    0     1     0     0     8    0     22840
 1    0     1     0     0     9    0     22860
 0    0     1     0     0     9    0     22880
 1    0     0     0     0    10    0     22900
 0    0     0     0     0    10    0     22920
 1    0     0     0     0    11    0     22940
 0    0     0     0     0    11    0     22960
 1    0     0     0     0    12    0     22980
 0    0     0     0     0    12    0     23000
 1    0     0     0     0    13    0     23020
 0    0     0     0     0    13    0     23040
 1    0     0     0     0    14    0     23060
 0    0     0     0     0    14    0     23080
 1    0     0     0     0    15    0     23100
 0    0     0     0     0    15    0     23120
 1    0     1     0     0    16    0     23140
 0    0     1     0     0    16    0     23160
 1    0     1     0     0    17    0     23180
 0    0     1     0     0    17    0     23200
 1    0     1     0     0    18    0     23220
 0    0     1     0     0    18    0     23240
 1    0     1     0     0    19    0     23260
 0    0     1     0     0    19    0     23280
 1    0     1     0     1     0    1     23300
 0    0     1     0     1     0    1     23320
 1    0     1     0     1     1    1     23340
 0    0     1     0     1     1    1     23360
 1    0     1     0     1     2    1     23380
 0    0     1     0     1     2    1     23400
 1    0     1     0     1     3    1     23420
 0    0     1     0     1     3    1     23440
 1    0     1     0     1     4    1     23460
 0    0     1     0     1     4    1     23480
 1    0     1     0     1     5    1     23500
 0    0     1     0     1     5    1     23520
 1    0     1     0     1     6    1     23540
 0    0     1     0     1     6    1     23560
 1    0     1     0     1     7    1     23580
 0    0     1     0     1     7    1     23600
 1    0     1     0     0     8    1     23620
 0    0     1     0     0     8    1     23640
 1    0     1     0     0     9    1     23660
 0    0     1     0     0     9    1     23680
 1    0     0     0     0    10    1     23700
 0    0     0     0     0    10    1     23720
 1    0     0     0     0    11    1     23740
 0    0     0     0     0    11    1     23760
 1    0     0     0     0    12    1     23780
 0    0     0     0     0    12    1     23800
 1    0     0     0     0    13    1     23820
 0    0     0     0     0    13    1     23840
 1    0     0     0     0    14    1     23860
 0    0     0     0     0    14    1     23880
 1    0     0     0     0    15    1     23900
 0    0     0     0     0    15    1     23920
 1    0     1     0     0    16    1     23940
 0    0     1     0     0    16    1     23960
 1    0     1     0     0    17    1     23980
 0    0     1     0     0    17    1     24000
 1    0     1     0     0    18    1     24020
 0    0     1     0     0    18    1     24040
 1    0     1     0     0    19    1     24060
 0    0     1     0     0    19    1     24080
 1    0     1     0     1     0    2     24100
 0    0     1     0     1     0    2     24120
 1    0     1     0     1     1    2     24140
 0    0     1     0     1     1    2     24160
 1    0     1     0     1     2    2     24180
